40
40
021001021002021001021002021001021002021001021002021001021002021001021002021001021002021309021411021312021001021002021001021002021001021002021001021002020000020000020000020000020000020000020000020000020000020000020000020000020000020000020000
021101021102021101021102021101021102021101021102021101021102021101021102021101021102021309021411021312021101021102021101021102021101021102021101021102020000020000020000020000020000020000020000020000020000020000020000020000020000020000020000
021001021002021209021210021210021210002813002814002816021210021210031105031106031107021609021411021610021211021211021211021211021211021212021001021002020000020000020000020000020000020000020000020000020000020000020000020000020000020000020000
021101021102021409021411021918021919021919002915002916002917002918021921031206021310021411021411021411000430000431000432000433021411021312021101021102020000020000020000020000020000020000020000020000020000020000020000020000020000020000020000
021001021002021409021411022018022019022019022019003016003017003018022021021411021411021411021918000529000530000531000532000533021921021312021001021002020000020000020000020000020000020000020000020000020000020000020000020000020000020000020000
021101021102021409021411022018022019022019022019003116003117003118022021021411021411021411022018000629000630000631000632000633022021021312021101021102020000020000020000020000020000020000020000020000020000020000020000020000020000020000020000
021001021002021409021411022018022019022019022019003216003217003218022021021411021411021411022018000729000730000731000732000733022021021312021001021002020000020000020000020000020000020000020000020000020000020000020000020000020000020000020000
021101021102021409021411022018003312003314003315003316003317003318022021021411021411021411022018000829000830000831000832000833022021021312021101021102020000020000020000020000020000020000020000020000020000020000020000020000020000020000020000
021001021002021409021411022218022220003414003415003416003417003418022221021411021411021411022018000929000930000931000932000933022021021312021001021002020000020000020000020000020000020000020000020000020000020000020000020000020000020000020000
021101021102002155002156002157021411003514003515021411031102021411021411021411021411021411022018001029001030001031001032001033022021021312021101021102020000020000020000020000020000020000020000020000020000020000020000020000020000020000020000
021001021002002255002256002257021411021813021816021411031202021411021411021411021411021411022018001129001130001131001132001133022021021312021001021002020000020000020000020000020000020000020000020000020000020000020000020000020000020000020000
021101021102002355002356002357021813022213021916021411021411021411021411021411021411021411022218022220022220022220022220022220022221021312021101021102020000020000020000020000020000020000020000020000020000020000020000020000020000020000020000
021001021002021409021411021813022213022314022116021411021411021411021411021411021411021411021411021411021411021411021813021816021411021312021001021002020000020000020000020000020000020000020000020000020000020000020000020000020000020000020000
021101021102021409021411021913021915022016021411021411021411021411021411021411021411021411021411021813021814021816021913021916021411021312021101021102020000020000020000020000020000020000020000020000020000020000020000020000020000020000020000
021001021002021409021411022113022114022116021411021411021411021411021411021411021411021411021411021913021914022214022213022214021816021312021001021102020000020000020000020000020000020000020000020000020000020000020000020000020000020000020000
021101021102021409021411021411021411021411021411021411021411021411021411021411021411021411021411022113022114022114022114022115022116021312021101021102020000020000020000020000020000020000020000020000020000020000020000020000020000020000020000
021001021002021509021510021510021510021510021510021510021510021511021511021511021511021511021511021511021511021511021511021511021511021512021001021102020000020000020000020000020000020000020000020000020000020000020000020000020000020000020000
021101021101020411020412020000020000020411020000020000020000020000020000020412020000020000020000020000020000020000020411020000020000020000021101021102020000020000020000020000020000020000020000020000020000020000020000020000020000020000020000
021001021002020511020512020000020411020000020000020511020000020412020000020512020000020000020000020411020000020000020511020000020000020412021001021102020000020000020000020000020000020000020000020000020000020000020000020000020000020000020000
021101021102020000020511020000020412020000020511020000020411020512020000020511020411020000020412020000020000020511020000020412020000020512021101021102020000020000020000020000020000020000020000020000020000020000020000020000020000020000020000
020008020008020008020008020008020008020008020008020008020008020008020008020008020008020008020008020008020008020008020008020008020008020008020008020008020000020000020000020000020000020000020000020000020000020000020000020000020000020000020000
020000020000020000020000020000020000020000020000020000020000020000020000020000020000020000020000020000020000020000020000020000020000020000020000020000020000020000020000020000020000020000020000020000020000020000020000020000020000020000020000
020000020000020000020000020000020000020000020000020000020000020000020000020000020000020000020000020000020000020000020000020000020000020000020000020000020000020000020000020000020000020000020000020000020000020000020000020000020000020000020000
020000020000020000020000020000020000020000020000020000020000020000020000020000020000020000020000020000020000020000020000020000020000020000020000020000020000020000020000020000020000020000020000020000020000020000020000020000020000020000020000
020000020000020000020000020000020000020000020000020000020000020000020000020000020000020000020000020000020000020000020000020000020000020000020000020000020000020000020000020000020000020000020000020000020000020000020000020000020000020000020000
020000020000020000020000020000020000020000020000020000020000020000020000020000020000020000020000020000020000020000020000020000020000020000020000020000020000020000020000020000020000020000020000020000020000020000020000020000020000020000020000
020000020000020000020000020000020000020000020000020000020000020000020000020000020000020000020000020000020000020000020000020000020000020000020000020000020000020000020000020000020000020000020000020000020000020000020000020000020000020000020000
020000020000020000020000020000020000020000020000020000020000020000020000020000020000020000020000020000020000020000020000020000020000020000020000020000020000020000020000020000020000020000020000020000020000020000020000020000020000020000020000
020000020000020000020000020000020000020000020000020000020000020000020000020000020000020000020000020000020000020000020000020000020000020000020000020000020000020000020000020000020000020000020000020000020000020000020000020000020000020000020000
020000020000020000020000020000020000020000020000020000020000020000020000020000020000020000020000020000020000020000020000020000020000020000020000020000020000020000020000020000020000020000020000020000020000020000020000020000020000020000020000
020000020000020000020000020000020000020000020000020000020000020000020000020000020000020000020000020000020000020000020000020000020000020000020000020000020000020000020000020000020000020000020000020000020000020000020000020000020000020000020000
020000020000020000020000020000020000020000020000020000020000020000020000020000020000020000020000020000020000020000020000020000020000020000020000020000020000020000020000020000020000020000020000020000020000020000020000020000020000020000020000
020000020000020000020000020000020000020000020000020000020000020000020000020000020000020000020000020000020000020000020000020000020000020000020000020000020000020000020000020000020000020000020000020000020000020000020000020000020000020000020000
020000020000020000020000020000020000020000020000020000020000020000020000020000020000020000020000020000020000020000020000020000020000020000020000020000020000020000020000020000020000020000020000020000020000020000020000020000020000020000020000
020000020000020000020000020000020000020000020000020000020000020000020000020000020000020000020000020000020000020000020000020000020000020000020000020000020000020000020000020000020000020000020000020000020000020000020000020000020000020000020000
020000020000020000020000020000020000020000020000020000020000020000020000020000020000020000020000020000020000020000020000020000020000020000020000020000020000020000020000020000020000020000020000020000020000020000020000020000020000020000020000
020000020000020000020000020000020000020000020000020000020000020000020000020000020000020000020000020000020000020000020000020000020000020000020000020000020000020000020000020000020000020000020000020000020000020000020000020000020000020000020000
020000020000020000020000020000020000020000020000020000020000020000020000020000020000020000020000020000020000020000020000020000020000020000020000020000020000020000020000020000020000020000020000020000020000020000020000020000020000020000020000
020000020000020000020000020000020000020000020000020000020000020000020000020000020000020000020000020000020000020000020000020000020000020000020000020000020000020000020000020000020000020000020000020000020000020000020000020000020000020000020000
020000020000020000020000020000020000020000020000020000020000020000020000020000020000020000020000020000020000020000020000020000020000020000020000020000020000020000020000020000020000020000020000020000020000020000020000020000020000020000020000
