47
40
021701021702021701021702021701021702021701021702021701021702021701021702021701021702021701021702021701021702021701021702020330020331020332020332020332020332020334021701021702021701021702021701021702021701021702021701021702021701021702021701021702021701021702021701021702021701021702
021601021602021601021602021601021602021601021602021601021602021601021602021601021602021601021602021601021602021601021602020330020331020332020332020332020332020334021601021602021601021602021601021602021601021602021601021602021601021602021601021602021601021602021601021602021601021602
021701021702021701021702021701021702021701021702021701021702021701021702021701021702021701021702021701021702021701021702020330020331020332020332020332020332020334021701021702021701021702021701021702021701021702021701021702021701021702021701021702021701021702021701021702021701021702
021601021602021601021602020728020529020529020529020529020529020529020529020529020529020529020529020529020529020529020529020530020331020332020332020332020332020334020527020528020528020528020528020528020528020529020529020529020529020529020529020529020529020727021601021602021601021602
021701021702021701021702020330024409020000020000020000020000020000020000020000020231020232020233020233020233020233020233020233020631020432020432020432020432020632020232020232020232020232020232020232020232020232020233020233020234020719020719020000020000020327021701021702021701021702
021601021602021601021602020330020000021809021810021810021810021810021812020000020331020432020432020432020432020432020432020432020432020432020432020432020432020432020432020432020432020432020432020432020432020432020432020432020334020719020719024409020000020327021601021602021601021602
021701021702021701021702020330020000021909021910022310022309021911021912020000020331020432020432020432020432020432020432020432020732020532020532020532020532020731020432020432020432020432020432020432020432020432020432020432020334020719024409020000020000020327021701021702021701021702
021601021602021601021602020330020000022009021911021912021909021911021912020000020331020432020432020432020432020432020432020433020434021601021602021601021602020331020432020432020432020432020432020432020432020432020432020432020334020719020719020000020000020327021601021602021601021602
021701021702021701021702020330020000022009022310022112022109022111022112020000020331020432020432020432020432020432020432020433020434021701021702021701021702020331020432020432020432020432020432020432020432020432020432020432020334020719020719020000020000020327021701021702021701021702
021601021602021601021602020330020000022009022012020000020000020000020000020000020331020432020432020432020432020432020432020433020434021601021602021601021602020331020432020432020432020432020432020432020432020432020432020432020334020000020719020000020000020327021601021602021601021602
021701021702021701021702020330020000022009022012020000020000020000020000020000020531020532020532020532020532020532020532020532020534021701021702021701021702020531020533020533020533020533020533020533020533020533020533020533020534020000020000024409020000020327021701021702021701021702
021601021602021601021602020330020000022109022112020000020000020000020000020000020000020000020000020000020000020000020000020000020000020719020719020719020719020719020000020000020000020000020000020000020000020000020000020000020000020000020000020000020000020327021601021602021601021602
021701021702021701021702020330020000020000020000020000020227021601021602020230020000022627022628022628022628022630020000020000022027022029022029022029022029022029022029022029022029022029022029022029022029022029022029022029022030020719021809021811021812020327021701021702021701021702
021601021602021601021602020330020000020000024409020000020327021701021702020330020000022827022829022829022729022730020000020000022127022128022128022128022128022128022128022128022128022128022128022128022128022128022128022128022230021809022209021910021912020327021601021602021601021602
021701021702021701021702020330020000020000020000020000020327021601021602020330024409022827022829022729022729022730020000020000022127022128022128022128022128022128022128022128022128022128022128022128022128022128022128022128022230022009021910021910021912020327021701021702021701021702
021601021602021601021602020330024409020000020000020000020327021701021702020330020000022827022729022729022729022730020000020000022127022128022128022128022128022128022128022128022128022128022128022128022128022128022128022128022230022009021910021910021912020327021601021602021601021602
021701021702021701021702020330020000020000020227021601021602021601021602020330020000022827022829022829022729022730020000020000022327022328022328022328022328022328022328022328022328022328022328022328022328022328022328022328022330022109022309022310022112020327021701021702021701021702
021601021602021601021602020330020000020000020427021701021702021701021702020330020000022827022829022729022729022730020000020000020000020000020000020000020000020000020000020000020000020000020000020000020000020000020000020000020000020000022009022210021812020327021601021602021601021602
021701021702021701021702020330020000020000020427021601021602021601021602020330020000022827022829023128021001021002021001021002022627022629022629022629022629022629022629022629022629022629022629022629022629022629022629022629022630020000022109022309022012020327021701021702021701021702
021601021602021601021602020330020000020000020427021701021702021701021702020330020000022827022829022730021101021102021101021102022727022829022829022829022829022829022829022829022829022829022829022829022829022829022829022829022730020000020000022109022112020327021601021602021601021602
021701021702021701021702020330020000020000020527020528020528020529020528020530020000022827022829022730021001021002021001021002022727022829022829022829022829022829022829022829022829022829022829022829022829022829022829022829022730020000020000020000020000020327021701021702021701021702
021601021602021601021602020330020000020000020000020000020000020000020000020000020000022827022829022730021101021102021101021102022727022829022829022829022829022829022829022829022829022829022829022829022829022829022829022829022730020000020000020000020000020327021601021602021601021602
021701021702021701021702020330020000024409020000020000020000020000020000020000024409022827022829022730021001021002021001021002022727022829022829022829022829022829022829022829022829022829022829022829022829022829022829022729022730020000020000020000020000020327021701021702021701021702
021601021602021601021602020330020000020000020227020228020228020228020228020230020000022827022729022730021101021102021101021102022827022829022829022829022829022829022829022829022829022829022829022829022829022829022829022829022730020000020000020000020000020327021601021602021601021602
021701021702021701021702020330020000020000020427021601021602021601021602020330020000022827022729023028022628022629022629022629023027022829022829022829022829022829022829022829022829022829022829022829022829022829022829022829022730021601021602020000020000020327021701021702021701021702
021601021602021601021602020330020000020000020427021701021702021701021702020330020000022827022729022729022729022729022729022729022829022829022829022829022829022829022829022829022829022829022829022829022829022829022829022829020227021701021702020230020000020327021601021602021601021602
021701021702021701021702020330020000020000020427021601021602021601021602020330020000022827022729022729022729022729022729022729022829022729022729022729022729022729022729022729022729022729022729022729022729022729022729022729020327021601021602020330020000020327021701021702021701021702
021601021602021601021602020330020000020000020427021701021702021701021702020330020000022827022828022829022829022829022829022829022829022729022729022729022729022729022729022729022729022729022729022729022729022729022729022729020327021701021702020330020000020327021601021602021601021602
021701021702021701021702020330020000020000020427021601021602021601021602020330020000022927022928022928022928022928022928022928023127022729022729022729022729023128022929022929022929022929022929022929022929022929022929022929020327021601021602020330020000020327021701021702021701021702
021601021602021601021602020330020000020000020427021701021702021701021702020330020000020000020000020000020000020000020000020000022727022729022729022729022729022730020000020000024409020000020000020000020000020000020000020000020327021701021702020330020000020327021601021602021601021602
021701021702021701021702020330020000020000020527020528020528020528020528020530020000020000020000020000020000024409020000020000022727022729022729022729022729022730020227021601021602021601021602021601021602021601021602021601021602021601021602020430020000020327021701021702021701021702
021601021602021601021602020330020000020000020000020000020000020000020000024409020000020000020000020000020000020000020000020000022727022729022729022729022729022730020427021701021702021701021702021701021702021701021702021701021702021701021702020430020000020327021601021602021601021602
021701021702021701021702020330020000020000024409020000020000020000020000020000020000020000020000020000020000020000020000020000022727022729022729022729022729022730020427021601021602021601021602020728020529020529020529020529020529020529020529020530020000020327021701021702021701021702
021601021602021601021602020330024409020000020000020000020000020000020000020000020000020000020000020000020000020000020000024409022727022729022729022729022729022730020427021701021702021701021702020430020000020000020000020000020000020000020000020000020000020327021601021602021601021602
021701021702021701021702020628020228020228020228020228020228020228020228020228020228020230020000024409020000020000020000020000022727022729022729022729022729022730020427021601021602021601021602020430020000020227020228020228020228020228020228020228020228020627021701021702021701021702
021601021602021601021602021601021602021601021602021601021602021601021602021601021602020330020000020000020000020000020000020000022727022729022729022729022729022730020427021701021702021701021702020430020000020427021601021602021601021602021601021602021601021602021601021602021601021602
021701021702021701021702021701021702021701021702021701021702021701021702021701021702020330020000020000020000020000020000020000022727022729022729022729022729022730020427021601021602021601021602020430020000020427021701021702021701021702021701021702021701021702021701021702021701021702
021601021602021601021602021601021602021601021602021601021602021601021602021601021602020330020000020000020000024409020000020000022727022729022729022729022729022730020427021701021702021701021702020430020000020427021601021602021601021602021601021602021601021602021601021602021601021602
021701021702021701021702021701021702021701021702021701021702021701021702021701021702020330020000020000020000020000020000020000022727022729022729022729022729022730020427021601021602021601021602020430020000020427021701021702021701021702021701021702021701021702021701021702021701021702
021601021602021601021602021601021602021601021602021601021602021601021602021601021602020330020000024409020000020719020000020719022727022729022729022729022729022730020427021701021702021701021702020430020000020427021601021602021601021602021601021602021601021602021601021602021601021602
